berrchrid Marrakech 
632.703,945.193,631.013,951.186,631.167,954.873,631.167,956.103,630.706,958.1,629.169,960.866,626.865,963.478,625.636,965.782,624.406,968.395,622.563,971.314,622.716,975.001,620.565,978.689,614.88,984.989,612.729,999.278,611.807,1008.65,609.81,1021.56

eljadida safi
587.185 949.131 588.338 954.432 588.338 954.97 585.572 962.729 585.572 962.806 584.804 964.112 582.192 965.264 579.733 965.264 571.667 972.101 562.985 987.236 561.218 990.77 560.988 993.766 560.143 994.996

casablanca eljadida
626.166,929.499,608.88,938.026,600.506,940.101,589.367,945.017

marrakech Agadir
606.258,1025.57,599.19,1031.26,595.502,1035.87,587.051,1040.94,578.601,1043.55,574.452,1048,573.684,1051.08,563.543,1060.45,562.621,1062.91,562.467,1067.82,559.241,1075.51,557.243,1080.58,556.322,1082.88,548.793,1089.95,547.717,1091.18,547.256,1096.1,546.181,1099.63,542.647,1103.62

casablanca berrchrid
629.36 930.775 629.437 936.768 631.664 940.378 631.895 940.762

berrchrid khouribga
636.072 944.391 650.592 952.304 656.892 960.064 666.572 961.6

rabat casablanca
676.324 892.301 671.407 905.515 671.253 905.745 669.333 907.128 659.73 908.127 650.664 911.046 644.595 916.04 639.986 922.186 631.305 927.41

kenitra rabat
688.72 870.769 687.798 872.459 687.529 882.255 679.117 887.632

rabat khemisset
679.436 891.551 691.728 900.847 698.335 902.768 708.553 903.843

khemisset fes
713.605 901.648 719.674 897.576 724.283 901.187 728.586 902.417 733.886 900.88 734.578 900.112 741.645 897.653 750.327 892.967

fes taza
754.451,893.326,756.987,894.017,759.138,893.172,760.905,891.636,769.432,891.712,772.198,891.098,777.652,888.409,789.867,878.806,792.172,877.807,796.782,878.191,800.776,878.499,812.377,875.349

taza oujda
817.642,873.923,829.703,874.461,832.546,873.002,847.143,865.55,858.82,857.483,868.5,856.868,877.872,856.1,885.017,854.948,893.16,853.642

assilah kenitra
708.252,820.656,707.176,823.037,707.023,828.492,704.948,833.562,705.025,833.562,701.184,842.397,700.953,843.319,700.569,849.618,697.266,853.46,691.811,865.982

tanger-med assilah
729.924,791.99,727.581,794.564,726.62,798.06,722.434,800.71,716.134,802.131,711.025,802.208,710.295,803.898,709.335,807.855,708.797,814.731

tetouan fnidq
736.374,798.241,736.066,801.467,736.796,802.927,737.142,808.958,737.142,810.417

tanger assilah
712.505,801.275,710.315,804.079,709.778,808.496,709.125,814.335,709.048,814.719